{
  "advancedEditorSelectedIdentifier" : "ProjectBrowser",
  "openSceneRelativePaths" : [
    "Immersive.usda"
  ],
  "recentIdentifiers" : {
    "AF09ED6F-1707-48FD-8720-65B998362C09" : [

    ]
  },
  "sceneCameraHistory" : {
    "AF09ED6F-1707-48FD-8720-65B998362C09" : [
      {
        "date" : 786038521.72454,
        "title" : "Untitled",
        "transform" : [
          -0.87008834,
          -4.0572488e-09,
          -0.49289596,
          0,
          -0.043286342,
          0.9961363,
          0.07641132,
          0,
          0.49099165,
          0.08782036,
          -0.8667265,
          0,
          22.816881,
          4.081107,
          -40.27768,
          1
        ]
      },
      {
        "date" : 786030161.781283,
        "title" : "Untitled",
        "transform" : [
          -0.9600209,
          -3.599114e-09,
          -0.27992833,
          0,
          -0.20311923,
          0.68810475,
          0.69660205,
          0,
          0.19262004,
          0.72561145,
          -0.6605949,
          0,
          8.951245,
          33.719917,
          -30.698528,
          1
        ]
      },
      {
        "date" : 786030151.231956,
        "title" : "Untitled",
        "transform" : [
          0.9192511,
          -9.825438e-10,
          0.39367193,
          0,
          -0.02627345,
          0.9977705,
          0.0613504,
          0,
          -0.39279422,
          -0.066739544,
          0.9172015,
          0,
          -269.31073,
          -45.758488,
          628.85925,
          1
        ]
      },
      {
        "date" : 786030149.714569,
        "title" : "Untitled",
        "transform" : [
          0.9192511,
          -9.825438e-10,
          0.39367193,
          0,
          -0.02627345,
          0.9977705,
          0.0613504,
          0,
          -0.39279422,
          -0.066739544,
          0.9172015,
          0,
          -18.515926,
          -3.1460342,
          43.235973,
          1
        ]
      },
      {
        "date" : 786030127.849758,
        "title" : "Untitled",
        "transform" : [
          0.93263435,
          -8.103378e-10,
          0.36082312,
          0,
          0.06612069,
          0.9830665,
          -0.17090477,
          0,
          -0.3547131,
          0.18324952,
          0.91684145,
          0,
          -0.9173941,
          0.47393826,
          2.371227,
          1
        ]
      },
      {
        "date" : 786029098.47853,
        "title" : "Untitled",
        "transform" : [
          0.961786,
          -8.6176755e-10,
          -0.2738019,
          0,
          -0.044935066,
          0.98644114,
          -0.15784384,
          0,
          0.2700895,
          0.16411531,
          0.9487453,
          0,
          0.69853264,
          0.4244515,
          2.45374,
          1
        ]
      },
      {
        "date" : 786029087.981282,
        "title" : "Untitled",
        "transform" : [
          0.7886702,
          -1.727011e-08,
          -0.61481667,
          0,
          0.089017026,
          0.989463,
          0.11418859,
          0,
          0.6083383,
          -0.14478627,
          0.7803598,
          0,
          1.5733454,
          -0.37446067,
          2.0182445,
          1
        ]
      }
    ]
  },
  "sceneViewportBackgroundColors" : {

  },
  "selectedSceneRelativePath" : "Immersive.usda"
}