{
  "advancedEditorSelectedIdentifier" : "ProjectBrowser",
  "openSceneRelativePaths" : [
    "Materials\/GridMaterial.usda",
    "Pokescene.usda"
  ],
  "recentIdentifiers" : {
    "53328977-43B3-425E-94CE-FE15BDA043BA" : [

    ]
  },
  "sceneCameraHistory" : {
    "53328977-43B3-425E-94CE-FE15BDA043BA" : [
      {
        "date" : 786030160.268792,
        "title" : "Untitled",
        "transform" : [
          0.7971693,
          1.6041394e-08,
          0.6037559,
          0,
          0.16171761,
          0.9634599,
          -0.213524,
          0,
          -0.5816945,
          0.26785272,
          0.7680407,
          0,
          -4.599405,
          2.2742312,
          4.0325465,
          1
        ]
      },
      {
        "date" : 786029852.807123,
        "title" : "Untitled",
        "transform" : [
          0.7971693,
          1.6041394e-08,
          0.6037559,
          0,
          0.16171761,
          0.9634599,
          -0.213524,
          0,
          -0.5816945,
          0.26785272,
          0.7680407,
          0,
          -4.3911943,
          2.27487,
          4.1931233,
          1
        ]
      },
      {
        "date" : 786029840.407738,
        "title" : "Untitled",
        "transform" : [
          0.83565575,
          1.4841634e-08,
          0.54925346,
          0,
          0.004414244,
          0.9999677,
          -0.00671605,
          0,
          -0.54923576,
          0.0080368435,
          0.8356288,
          0,
          -4.347585,
          1.030163,
          4.675374,
          1
        ]
      },
      {
        "date" : 786029826.390968,
        "title" : "Untitled",
        "transform" : [
          0.9003162,
          1.837315e-08,
          0.43523642,
          0,
          0.107306615,
          0.9691306,
          -0.22197114,
          0,
          -0.42180088,
          0.24654786,
          0.8725241,
          0,
          -1.999667,
          4.097955,
          8.286701,
          1
        ]
      },
      {
        "date" : 786029814.608075,
        "title" : "Untitled",
        "transform" : [
          0.7674668,
          3.2516947e-08,
          0.6410888,
          0,
          0.08580599,
          0.99100244,
          -0.10272102,
          0,
          -0.6353205,
          0.13384429,
          0.7605614,
          0,
          -5.8633075,
          2.3000505,
          5.1125216,
          1
        ]
      },
      {
        "date" : 786029805.283047,
        "title" : "Untitled",
        "transform" : [
          0.6640119,
          3.2430776e-08,
          0.747722,
          0,
          0.10275962,
          0.9905115,
          -0.09125538,
          0,
          -0.7406272,
          0.13743034,
          0.65771145,
          0,
          -5.95718,
          2.3167312,
          4.2259803,
          1
        ]
      },
      {
        "date" : 786029800.419943,
        "title" : "Untitled",
        "transform" : [
          0.83217263,
          3.4428478e-08,
          0.5545167,
          0,
          0.05076831,
          0.9958001,
          -0.076188944,
          0,
          -0.5521877,
          0.09155428,
          0.8286776,
          0,
          -4.6601515,
          1.8927636,
          6.3166227,
          1
        ]
      },
      {
        "date" : 786029780.796789,
        "title" : "Untitled",
        "transform" : [
          0.8538386,
          3.858912e-08,
          0.5205376,
          0,
          0.069392055,
          0.9910745,
          -0.11382399,
          0,
          -0.5158916,
          0.13330856,
          0.8462179,
          0,
          -4.2755256,
          2.290412,
          6.4225693,
          1
        ]
      },
      {
        "date" : 786029775.809099,
        "title" : "Untitled",
        "transform" : [
          0.8243117,
          3.851447e-08,
          0.5661362,
          0,
          0.092497595,
          0.9865625,
          -0.13467942,
          0,
          -0.5585287,
          0.1633841,
          0.813235,
          0,
          -4.6846986,
          2.5757132,
          6.1169624,
          1
        ]
      },
      {
        "date" : 786029724.29949,
        "title" : "Untitled",
        "transform" : [
          0.8378624,
          3.9432447e-08,
          0.54588145,
          0,
          0.10782612,
          0.98029745,
          -0.16550018,
          0,
          -0.5351262,
          0.19752668,
          0.8213544,
          0,
          -4.4336433,
          2.8984356,
          6.1490893,
          1
        ]
      }
    ]
  },
  "sceneViewportBackgroundColors" : {

  },
  "selectedSceneRelativePath" : "Pokescene.usda"
}