{
  "advancedEditorSelectedIdentifier" : "ProjectBrowser",
  "openSceneRelativePaths" : [
    "Materials\/GridMaterial.usda",
    "Pokescene.usda"
  ],
  "recentIdentifiers" : {
    "4FEAC642-E270-404D-9EE3-C5512ED37D9A" : [

    ],
    "53328977-43B3-425E-94CE-FE15BDA043BA" : [

    ]
  },
  "sceneCameraHistory" : {
    "4FEAC642-E270-404D-9EE3-C5512ED37D9A" : [
      {
        "date" : 787827717.471142,
        "title" : "Untitled",
        "transform" : [
          0.99409777,
          2.7623963e-09,
          0.10848805,
          0,
          0.05244025,
          0.87541425,
          -0.48052052,
          0,
          -0.094971985,
          0.4833735,
          0.87024736,
          0,
          -0.5627535,
          2.1268005,
          7.4744606,
          1
        ]
      },
      {
        "date" : 787827477.11999,
        "title" : "Untitled",
        "transform" : [
          0.99409777,
          2.7623963e-09,
          0.10848805,
          0,
          0.05244025,
          0.87541425,
          -0.48052052,
          0,
          -0.094971985,
          0.4833735,
          0.87024736,
          0,
          -3.3046966,
          11.758505,
          19.530954,
          1
        ]
      },
      {
        "date" : 787827386.144814,
        "title" : "Untitled",
        "transform" : [
          0.99409777,
          2.7623963e-09,
          0.10848805,
          0,
          0.05244025,
          0.87541425,
          -0.48052052,
          0,
          -0.094971985,
          0.4833735,
          0.87024736,
          0,
          -3.5048234,
          12.7770405,
          21.364752,
          1
        ]
      },
      {
        "date" : 787827193.772037,
        "title" : "Untitled",
        "transform" : [
          0.99409777,
          2.7623963e-09,
          0.10848805,
          0,
          0.05244025,
          0.87541425,
          -0.48052052,
          0,
          -0.094971985,
          0.4833735,
          0.87024736,
          0,
          -3.5015812,
          12.760541,
          21.335047,
          1
        ]
      },
      {
        "date" : 787827178.258746,
        "title" : "Untitled",
        "transform" : [
          0.9962035,
          -1.159286e-09,
          0.08705555,
          0,
          0.06921564,
          0.60651183,
          -0.79205585,
          0,
          -0.052800234,
          0.79507446,
          0.6042092,
          0,
          -0.12166846,
          0.8982211,
          6.1488237,
          1
        ]
      },
      {
        "date" : 787827176.282467,
        "title" : "Untitled",
        "transform" : [
          0.9998732,
          -4.672662e-10,
          0.015924633,
          0,
          0.0043071415,
          0.9627283,
          -0.27043587,
          0,
          -0.015331111,
          0.27047017,
          0.96260625,
          0,
          -0.04449036,
          0.022986993,
          6.462496,
          1
        ]
      },
      {
        "date" : 787827166.215193,
        "title" : "Untitled",
        "transform" : [
          0.9974314,
          -7.3614137e-10,
          0.07162846,
          0,
          0.03355378,
          0.88349426,
          -0.4672387,
          0,
          -0.06328335,
          0.46844193,
          0.8812249,
          0,
          -0.12548077,
          0.33606908,
          6.4514265,
          1
        ]
      },
      {
        "date" : 787827155.441406,
        "title" : "Untitled",
        "transform" : [
          0.9995897,
          1.7075532e-05,
          0.028642064,
          0,
          0.0032017073,
          0.99366575,
          -0.11233004,
          0,
          -0.02846255,
          0.112375654,
          0.9932581,
          0,
          0.016234666,
          0.0032972223,
          9.660908,
          1
        ]
      },
      {
        "date" : 787827144.561886,
        "title" : "Untitled",
        "transform" : [
          0.97279024,
          1.707441e-05,
          0.23168735,
          0,
          0.087247774,
          0.92635894,
          -0.3663972,
          0,
          -0.21463192,
          0.37664184,
          0.9011515,
          0,
          -1.868966,
          2.61193,
          9.111432,
          1
        ]
      },
      {
        "date" : 787827035.711603,
        "title" : "Untitled",
        "transform" : [
          0.96628517,
          3.5316155e-08,
          0.2574744,
          0,
          0.1471014,
          0.82072425,
          -0.55206245,
          0,
          -0.21131548,
          0.5713245,
          0.7930536,
          0,
          -1.2630008,
          3.0353053,
          4.6602464,
          1
        ]
      }
    ],
    "53328977-43B3-425E-94CE-FE15BDA043BA" : [
      {
        "date" : 786030160.268792,
        "title" : "Untitled",
        "transform" : [
          0.7971693,
          1.6041394e-08,
          0.6037559,
          0,
          0.16171761,
          0.9634599,
          -0.213524,
          0,
          -0.5816945,
          0.26785272,
          0.7680407,
          0,
          -4.599405,
          2.2742312,
          4.0325465,
          1
        ]
      },
      {
        "date" : 786029852.807123,
        "title" : "Untitled",
        "transform" : [
          0.7971693,
          1.6041394e-08,
          0.6037559,
          0,
          0.16171761,
          0.9634599,
          -0.213524,
          0,
          -0.5816945,
          0.26785272,
          0.7680407,
          0,
          -4.3911943,
          2.27487,
          4.1931233,
          1
        ]
      },
      {
        "date" : 786029840.407738,
        "title" : "Untitled",
        "transform" : [
          0.83565575,
          1.4841634e-08,
          0.54925346,
          0,
          0.004414244,
          0.9999677,
          -0.00671605,
          0,
          -0.54923576,
          0.0080368435,
          0.8356288,
          0,
          -4.347585,
          1.030163,
          4.675374,
          1
        ]
      },
      {
        "date" : 786029826.390968,
        "title" : "Untitled",
        "transform" : [
          0.9003162,
          1.837315e-08,
          0.43523642,
          0,
          0.107306615,
          0.9691306,
          -0.22197114,
          0,
          -0.42180088,
          0.24654786,
          0.8725241,
          0,
          -1.999667,
          4.097955,
          8.286701,
          1
        ]
      },
      {
        "date" : 786029814.608075,
        "title" : "Untitled",
        "transform" : [
          0.7674668,
          3.2516947e-08,
          0.6410888,
          0,
          0.08580599,
          0.99100244,
          -0.10272102,
          0,
          -0.6353205,
          0.13384429,
          0.7605614,
          0,
          -5.8633075,
          2.3000505,
          5.1125216,
          1
        ]
      },
      {
        "date" : 786029805.283047,
        "title" : "Untitled",
        "transform" : [
          0.6640119,
          3.2430776e-08,
          0.747722,
          0,
          0.10275962,
          0.9905115,
          -0.09125538,
          0,
          -0.7406272,
          0.13743034,
          0.65771145,
          0,
          -5.95718,
          2.3167312,
          4.2259803,
          1
        ]
      },
      {
        "date" : 786029800.419943,
        "title" : "Untitled",
        "transform" : [
          0.83217263,
          3.4428478e-08,
          0.5545167,
          0,
          0.05076831,
          0.9958001,
          -0.076188944,
          0,
          -0.5521877,
          0.09155428,
          0.8286776,
          0,
          -4.6601515,
          1.8927636,
          6.3166227,
          1
        ]
      },
      {
        "date" : 786029780.796789,
        "title" : "Untitled",
        "transform" : [
          0.8538386,
          3.858912e-08,
          0.5205376,
          0,
          0.069392055,
          0.9910745,
          -0.11382399,
          0,
          -0.5158916,
          0.13330856,
          0.8462179,
          0,
          -4.2755256,
          2.290412,
          6.4225693,
          1
        ]
      },
      {
        "date" : 786029775.809099,
        "title" : "Untitled",
        "transform" : [
          0.8243117,
          3.851447e-08,
          0.5661362,
          0,
          0.092497595,
          0.9865625,
          -0.13467942,
          0,
          -0.5585287,
          0.1633841,
          0.813235,
          0,
          -4.6846986,
          2.5757132,
          6.1169624,
          1
        ]
      },
      {
        "date" : 786029724.29949,
        "title" : "Untitled",
        "transform" : [
          0.8378624,
          3.9432447e-08,
          0.54588145,
          0,
          0.10782612,
          0.98029745,
          -0.16550018,
          0,
          -0.5351262,
          0.19752668,
          0.8213544,
          0,
          -4.4336433,
          2.8984356,
          6.1490893,
          1
        ]
      }
    ]
  },
  "sceneViewportBackgroundColors" : {

  },
  "selectedSceneRelativePath" : "Pokescene.usda"
}